GLOSSAE

111. 11111. Il.

¹ ..1 christus

2 ..1 1 1111

3 111 111111111111
1 1. 11111

5 ..1 11 1111111111 11111111 1111 111 111111 11111 11 11 11111

1111111 111111111111 11111

6 ds pat 111 111111 111111
7 11111111111111111 1111
8 1111111111
9
10
11

11111111111 1111111111. 111111 1111111111 11 1111111111
111.

21 1111111111 nadbrant:
1.1.1111111111. (in margine) 1. 1111111111 11111111 111111

··¹
¹
··¹
¹
¹·
¹
S

1111 111111 1111111 11111 7 11111111111111111111111.

11 ,1. 111111111111111111111111111111111 11111 1111. in 1111111

1⁵ ¹. 111111111111111111 111 111 11111111.

16 ¹. 1111111 111 11111111111. (in margine) ¹. 1111111 11111
111 11111111 1111111111 7 1111111 1111111 1111111111 1111
1111 7 111111 1111111 111111111 1111111111111111111111
11111111.

171. 11 1111111111 11111 111 1111111111

18 ,1. 111111111111

19 (in margine, ut inseratur in 111111) alii per marita patrum
suorum commemorantur

201. 11 1111111111 1111111 1. 111111 11111111

11 ,1. christi

221. christus

23 ,1. 1111111111. 111 ba 11111 1111111 111111111111111111111

1111 1111111111

211 peccati adae

25 ..1 in angustia

1111111111
71 1111111111
181 111 1111111111 1111111111111 1111111111
191111111111111 11 .1. 1131111111 1111 111113

2

 

